TITLE = "AG11 (DM_Smoothed)"
VARIABLES = "x", "z"
ZONE T="Aerofoil", I=301, F=POINT
1.0000000000000000	-0.0011606259713413
0.9998903417605182	-0.0011614168048081
0.9995614150365386	-0.0011637888665798
0.9990133642291490	-0.0011677403103334
0.9982464296425724	-0.0011732663752053
0.9972609477802088	-0.0011803571463184
0.9960573506431605	-0.0011889953515095
0.9946361664469479	-0.0011991554508270
0.9929980186274341	-0.0012108092002931
0.9911436252993459	-0.0012239524951185
0.9890738004141212	-0.0012385986230027
0.9867894514018769	-0.0012547709014349
0.9842915805035984	-0.0012725036379016
0.9815812834372307	-0.0012918152273838
0.9786597488489499	-0.0013126668349096
0.9755282581961893	-0.0013349981174446
0.9721881851856260	-0.0013587299999294
0.9686409947442430	-0.0013838127668813
0.9648882429333185	-0.0014102920761416
0.9609315758021345	-0.0014382487693697
0.9567727288626035	-0.0014677698727493
0.9524135261838870	-0.0014988375554249
0.9478558800468389	-0.0015313826526250
0.9431017896635121	-0.0015653222054153
0.9381533400941898	-0.0016005764218707
0.9330127019551464	-0.0016370570954656
0.9276821300698152	-0.0016747265089016
0.9221639628019523	-0.0017136235215635
0.9164606203153389	-0.0017537913132065
0.9105746046427908	-0.0017952412334916
0.9045084971523560	-0.0018379927511407
0.8982649590209255	-0.0018821328471969
0.8918467286619743	-0.0019277650903571
0.8852566214451654	-0.0019748786118587
0.8784975277540970	-0.0020233473413249
0.8715724127377310	-0.0020727048634100
0.8644843137159840	-0.0021225995609326
0.8572363397197323	-0.0021735713941996
0.8498316701724314	-0.0022260063845166
0.8422735529133196	-0.0022796345815508
0.8345653032792734	-0.0023346011132086
0.8267103020253431	-0.0023911673759105
0.8187119948113627	-0.0024481245864130
0.8105738900438569	-0.0025050611042332
0.8022995573924787	-0.0025634297200764
0.7938926261110911	-0.0026233499912538
0.7853567837718773	-0.0026842515163477
0.7766957745592131	-0.0027457042613214
0.7679133975007392	-0.0028077583672086
0.7590135047446043	-0.0028705877285134
0.7499999999833441	-0.0029342226879748
0.7408768370890455	-0.0029987480190943
0.7316480175643956	-0.0030644815895819
0.7223175895780278	-0.0031313405531298
0.7128896458411503	-0.0031979859708173
0.7033683216284757	-0.0032649143568315
0.6937577931803918	-0.0033329867613689
0.6840622763055809	-0.0034022357549968
0.6742860236297085	-0.0034721477715283
0.6644333233129102	-0.0035421172756525
0.6545084971659541	-0.0036119830270818
0.6445158984533532	-0.0036824771689939
0.6344599102540109	-0.0037544996484888
0.6243449436265935	-0.0038265954157907
0.6141754349638241	-0.0038985394123858
0.6039558454537863	-0.0039707459805808
0.5936906572397326	-0.0040433099439221
0.5833843733856036	-0.0041161593296647
0.5730415142623518	-0.0041892383002894
0.5626666168001321	-0.0042626806981772
0.5522642316329570	-0.0043369714014915
0.5418389216065530	-0.0044114302586402
0.5313952597442052	-0.0044848963969769
0.5209378268079316	-0.0045586780739484
0.5104712098546588	-0.0046332306274149
0.4999999999441818	-0.0047080110276493
0.4895287899985531	-0.0047821678317704
0.4790621731787769	-0.0048561947328878
0.4686047402721091	-0.0049311252739298
0.4581610782892603	-0.0050054106583980
0.4477357683926752	-0.0050791525880329
0.4373333831785191	-0.0051526668172009
0.4269584857087656	-0.0052260315756977
0.4166156266415386	-0.0052994116316716
0.4063093427006141	-0.0053728414844715
0.3960441544964156	-0.0054456189633083
0.3858245648924747	-0.0055177966272361
0.3756550564108684	-0.0055895980884311
0.3655400896392991	-0.0056612945177678
0.3554841015485309	-0.0057330178902670
0.3454915029018080	-0.0058041733614099
0.3355666766014355	-0.0058741541165884
0.3257139763244742	-0.0059439077164352
0.3159377236457354	-0.0060137515748053
0.3062422068719029	-0.0060823913325239
0.2966316783874163	-0.0061502488587380
0.2871103541832948	-0.0062180180873811
0.2776824103647585	-0.0062851948862197
0.2683519825190194	-0.0063508791857868
0.2591231629588209	-0.0064162801525649
0.2500000000686564	-0.0064814639854563
0.2409864953782281	-0.0065455211171463
0.2320866024324038	-0.0066074631821604
0.2233042254361851	-0.0066672387644404
0.2146432162139229	-0.0067255036912644
0.2061073738693594	-0.0067850580020752
0.1977004425485647	-0.0068527375318950
0.1894261099301871	-0.0069290634580931
0.1812880051085132	-0.0070102367741570
0.1732896980133081	-0.0070928165954385
0.1654346967737026	-0.0071764527282850
0.1577264470135389	-0.0072623466558774
0.1501683296664073	-0.0073500087212100
0.1427636601997867	-0.0074384109401775
0.1355156863619053	-0.0075264803183959
0.1284275872017757	-0.0076131017961810
0.1215024721225479	-0.0076971092908778
0.1147433786196097	-0.0077771519744278
0.1081532713484555	-0.0078519534331168
0.1017350410578027	-0.0079206708772312
0.0954915028867635	-0.0079826623502214
0.0894253954831236	-0.0080371667429055
0.0835393797093722	-0.0080834435701374
0.0778360372287106	-0.0081205006309213
0.0723178698389469	-0.0081473327610559
0.0669872981479296	-0.0081627431177242
0.0618466600251039	-0.0081654228906232
0.0568982103351281	-0.0081541394630320
0.0521441198157459	-0.0081273735214502
0.0475864737702911	-0.0080839954490735
0.0432272711417896	-0.0080225953489971
0.0390684242139525	-0.0079418822577292
0.0351117570191536	-0.0078411311326634
0.0313590051669373	-0.0077194659643731
0.0278118149489211	-0.0075762068111312
0.0244717418484114	-0.0074108835531581
0.0213402512101963	-0.0072228951517926
0.0184187166651457	-0.0070120682704773
0.0157084193507767	-0.0067784730360015
0.0132105486288119	-0.0065214054989028
0.0109261996806488	-0.0062402812754429
0.0088563746229402	-0.0059337743399192
0.0070019814383123	-0.0055966324005246
0.0053638335464909	-0.0052207476075645
0.0039426494149663	-0.0047905384659503
0.0027390522943545	-0.0042833791125973
0.0017535704480784	-0.0036782866978766
0.0009866358574993	-0.0029544456701787
0.0004385849214951	-0.0021004428006243
0.0001096583531819	-0.0011114991748514
0.0000000000000000	0.0000000000000000
0.0001096582399526	0.0012144310942405
0.0004385850062372	0.0025486971726981
0.0009866357019717	0.0040168073975561
0.0017535703207484	0.0055927943370399
0.0027390523733738	0.0072311721351809
0.0039426493341774	0.0089008694085668
0.0053638334512731	0.0105910370416140
0.0070019814371903	0.0122919773009064
0.0088563746945836	0.0139876430961997
0.0109261997028460	0.0156631143251226
0.0132105485279975	0.0173108229447418
0.0157084195266903	0.0189275865452047
0.0184187165019831	0.0205110547395188
0.0213402511592013	0.0220582562877927
0.0244717419202725	0.0235671969424401
0.0278118148909375	0.0250358816962596
0.0313590052191935	0.0264654829906054
0.0351117570135982	0.0278561225402471
0.0390684242896124	0.0292096849814821
0.0432272712362058	0.0305270759994095
0.0475864736840318	0.0318091295470296
0.0521441198261972	0.0330564220646994
0.0568982104533732	0.0342684236948319
0.0618466600493094	0.0354443131902475
0.0669872980899292	0.0365831630409491
0.0723178699509460	0.0376842275866970
0.0778360373076041	0.0387463898498577
0.0835393795612710	0.0397682483015800
0.0894253953498342	0.0407487663359589
0.0954915028131217	0.0416873515971573
0.1017350409840932	0.0425838293219434
0.1081532714085423	0.0434383417630279
0.1147433786302023	0.0442503501400566
0.1215024722134979	0.0450194223110174
0.1284275873429863	0.0457461786516797
0.1355156862156046	0.0464307913458475
0.1427636600966806	0.0470720952036306
0.1501683297533764	0.0476701393635626
0.1577264469424397	0.0482257870873313
0.1654346968824648	0.0487390371158378
0.1732896979371454	0.0492103168553470
0.1812880051412128	0.0496406275301081
0.1894261099254768	0.0500298774172078
0.1977004426662160	0.0503781071046867
0.2061073739298573	0.0506860061029483
0.2146432161217619	0.0509537466855388
0.2233042253605551	0.0511816572843616
0.2320866024384026	0.0513705132865459
0.2409864954099426	0.0515212044749351
0.2500000000405092	0.0516340927870060
0.2591231629598889	0.0517096272968437
0.2683519824479079	0.0517491069272589
0.2776824103972395	0.0517532236450981
0.2871103542027388	0.0517217312428496
0.2966316784456962	0.0516547291658073
0.3062422067903096	0.0515541612423065
0.3159377236309562	0.0514215387661197
0.3257139763924735	0.0512563132300972
0.3355666765538135	0.0510582170425142
0.3454915028308221	0.0508291609992386
0.3554841014726269	0.0505704969521969
0.3655400897738526	0.0502817429907140
0.3756550564808795	0.0499633128890517
0.3858245648882857	0.0496169611008734
0.3960441546245807	0.0492438450749713
0.4063093426530842	0.0488433765843140
0.4166156266434876	0.0484158281503620
0.4269584857490968	0.0479619534311533
0.4373333831263584	0.0474832103282204
0.4477357683078460	0.0469808525881468
0.4581610783896689	0.0464546600745750
0.4686047401515095	0.0459049665707380
0.4790621731570063	0.0453332712550956
0.4895287901042757	0.0447393487913476
0.4999999999056269	0.0441240070738876
0.5104712098713611	0.0434898262431730
0.5209378268501053	0.0428377599517226
0.5313952597002383	0.0421678631886608
0.5418389216972847	0.0414811325982446
0.5522642316447870	0.0407788770263575
0.5626666166837884	0.0400622071383181
0.5730415142503562	0.0393314374814073
0.5833843733992140	0.0385872124077200
0.5936906572492260	0.0378334651623841
0.6039558454411259	0.0370693462660784
0.6141754350805078	0.0362952615009632
0.6243449435670300	0.0355135264397705
0.6344599102743728	0.0347256816728374
0.6445158984661602	0.0339322764360822
0.6545084972008778	0.0331337666931314
0.6644333233381299	0.0323307576341636
0.6742860236476184	0.0315244915527481
0.6840622763117672	0.0307163452560412
0.6937577931543174	0.0299067036750975
0.7033683216197650	0.0290964327632029
0.7128896456834036	0.0282867526416102
0.7223175895975661	0.0274787466796024
0.7316480175527106	0.0266730559796897
0.7408768369753428	0.0258701441142409
0.7499999999934540	0.0250702514521594
0.7590135046781753	0.0242736162929096
0.7679133974473849	0.0234807519011925
0.7766957746271995	0.0226923152658668
0.7853567838602705	0.0219089985567543
0.7938926262333942	0.0211314840172682
0.8022995574210033	0.0203604330123154
0.8105738901553686	0.0195961169806004
0.8187119949741929	0.0188386782407699
0.8267103020411321	0.0180890674334616
0.8345653031687437	0.0173483617440908
0.8422735528815915	0.0166175016646878
0.8498316701835703	0.0158970581995830
0.8572363397281586	0.0151875724006847
0.8644843136778163	0.0144897837772249
0.8715724127529990	0.0138046891724301
0.8784975278885501	0.0131333872179222
0.8852566213293043	0.0124763187044087
0.8918467287535407	0.0118337085902027
0.8982649589634201	0.0112061566142310
0.9045084972794305	0.0105944241333533
0.9105746045412783	0.0099995595395475
0.9164606203803749	0.0094224628358046
0.9221639626754820	0.0088633981131927
0.9276821301336721	0.0083225019732825
0.9330127019773649	0.0078001993305210
0.9381533400833076	0.0072970014042939
0.9431017895732462	0.0068133504492608
0.9478558801461070	0.0063496231320831
0.9524135262407291	0.0059060748293996
0.9567727288993213	0.0054825562352439
0.9609315757748267	0.0050788313258308
0.9648882429435277	0.0046946569726427
0.9686409947328398	0.0043294848452007
0.9721881850508943	0.0039828573018659
0.9755282582027808	0.0036545373767663
0.9786597487510511	0.0033446375762541
0.9815812834255548	0.0030534524211480
0.9842915805276156	0.0027812779630727
0.9867894513848853	0.0025284380900385
0.9890738002929963	0.0022954888758406
0.9911436253271713	0.0020830458615436
0.9929980184536429	0.0018916279693125
0.9946361664066694	0.0017216767521260
0.9960573507045083	0.0015735903203938
0.9972609476222096	0.0014477639285812
0.9982464296571211	0.0013445192464433
0.9990133642327328	0.0012640754360699
0.9995614150495312	0.0012065596306385
0.9998903416709616	0.0011720340334650
1.0000000000000000	0.0011605234562042
