TITLE = "BOEING-VERTOL VR-15 AIRFOIL (DM_Smoothed)"
VARIABLES = "x", "z"
ZONE T="Aerofoil", I=301, F=POINT
1.0000000000000000	-0.0011948565799247
0.9998903417123225	-0.0012157508578900
0.9995614151236792	-0.0012784173186520
0.9990133642041502	-0.0013827647806879
0.9982464296182990	-0.0015285023238835
0.9972609477058648	-0.0017149438261806
0.9960573505897420	-0.0019407755302088
0.9946361665695380	-0.0022038539516818
0.9929980185472185	-0.0025009292185229
0.9911436253644492	-0.0028274933614237
0.9890738003474395	-0.0031784572327631
0.9867894513659250	-0.0035501478489999
0.9842915805578222	-0.0039418468414397
0.9815812833197883	-0.0043531446693757
0.9786597487258708	-0.0047834473846040
0.9755282581999552	-0.0052299935128497
0.9721881850958033	-0.0056882326773128
0.9686409947723625	-0.0061538431412679
0.9648882429473961	-0.0066231397595992
0.9609315758198317	-0.0070928313618778
0.9567727288388790	-0.0075595599739209
0.9524135263041204	-0.0080201498448327
0.9478558800911289	-0.0084758435683514
0.9431017895883723	-0.0089315690560728
0.9381533400801116	-0.0093925598793233
0.9330127018684582	-0.0098642602842894
0.9276821301271144	-0.0103495051144296
0.9221639627133543	-0.0108473171385387
0.9164606204009885	-0.0113563885757415
0.9105746044816571	-0.0118753467156624
0.9045084971351327	-0.0124022861563566
0.8982649589160568	-0.0129327219756348
0.8918467287228608	-0.0134611375150542
0.8852566213731093	-0.0139817928223103
0.8784975278692269	-0.0144887632321125
0.8715724128046645	-0.0149788187987805
0.8644843137962363	-0.0154547661442956
0.8572363398462523	-0.0159201486634670
0.8498316703418628	-0.0163785868851494
0.8422735528884274	-0.0168338830762050
0.8345653031368884	-0.0172878562134010
0.8267103019100649	-0.0177393788248042
0.8187119949533536	-0.0181872885339031
0.8105738900498483	-0.0186306671707738
0.8022995575207188	-0.0190689600979347
0.7938926261805969	-0.0195022106958733
0.7853567838240272	-0.0199304720829712
0.7766957745912161	-0.0203536266417387
0.7679133974046021	-0.0207713895887120
0.7590135047247134	-0.0211830236183979
0.7500000000799053	-0.0215871262744840
0.7408768369607920	-0.0219821890817489
0.7316480175179736	-0.0223666741653688
0.7223175895395239	-0.0227391956502386
0.7128896457954344	-0.0230995447644031
0.7033683215946597	-0.0234480295503369
0.6937577932265424	-0.0237849890237286
0.6840622764001285	-0.0241107234170315
0.6742860237268870	-0.0244247255238683
0.6644333234272862	-0.0247263140927516
0.6545084972652012	-0.0250154246487059
0.6445158984923054	-0.0252925389762513
0.6344599102536263	-0.0255581084266202
0.6243449435763405	-0.0258120454012263
0.6141754351261877	-0.0260538811757086
0.6039558453927912	-0.0262827912872659
0.5936906573087640	-0.0264976658379425
0.5833843733196888	-0.0266983827401919
0.5730415143716715	-0.0268857707081698
0.5626666167518332	-0.0270608057003319
0.5522642316035528	-0.0272245789923262
0.5418389216557343	-0.0273781309429237
0.5313952597743166	-0.0275214059406224
0.5209378267850915	-0.0276538272485328
0.5104712099891923	-0.0277748293486575
0.4999999999508386	-0.0278838629599774
0.4895287899709805	-0.0279806294639366
0.4790621731765951	-0.0280657670190977
0.4686047401934452	-0.0281401571678918
0.4581610782381321	-0.0282046947516477
0.4477357684661130	-0.0282602791547024
0.4373333831777228	-0.0283070173056600
0.4269584856270351	-0.0283433628096010
0.4166156266858018	-0.0283676033859249
0.4063093426567954	-0.0283780806542358
0.3960441545279238	-0.0283732153175954
0.3858245650129511	-0.0283522272604576
0.3756550564950678	-0.0283153559058177
0.3655400896430807	-0.0282629340080520
0.3554841015836275	-0.0281953184850824
0.3454915028826811	-0.0281129092768860
0.3355666766477632	-0.0280166819655821
0.3257139763784509	-0.0279082208955364
0.3159377236683110	-0.0277891075384442
0.3062422067188774	-0.0276608824067770
0.2966316784198730	-0.0275250178787141
0.2871103541255955	-0.0273817995527100
0.2776824104941432	-0.0272298925066054
0.2683519824321407	-0.0270679419379819
0.2591231629956622	-0.0268947108173738
0.2499999999178637	-0.0267090829824551
0.2409864952376825	-0.0265102753368219
0.2320866025756192	-0.0262984499793467
0.2233042253353057	-0.0260741039784790
0.2146432160902924	-0.0258378614516867
0.2061073739421847	-0.0255904585071728
0.1977004426539508	-0.0253327272870784
0.1894261098153118	-0.0250656487431680
0.1812880051880446	-0.0247901542496954
0.1732896980703957	-0.0245067709073290
0.1654346968129055	-0.0242156125690860
0.1577264469915684	-0.0239163435327816
0.1501683297601420	-0.0236080595110608
0.1427636601213114	-0.0232893105863280
0.1355156862809893	-0.0229590764632551
0.1284275872817145	-0.0226169508782692
0.1215024721544365	-0.0222632570353525
0.1147433785960409	-0.0218991751500664
0.1081532713484762	-0.0215260042957929
0.1017350410005499	-0.0211445280816438
0.0954915027217551	-0.0207552995907898
0.0894253954684184	-0.0203585634790282
0.0835393796099067	-0.0199526627974745
0.0778360371880846	-0.0195341785468817
0.0723178699454220	-0.0190995243320124
0.0669872980501659	-0.0186464188984339
0.0618466600358920	-0.0181776358686176
0.0568982104411840	-0.0176973413868439
0.0521441199480317	-0.0172099474933676
0.0475864737526073	-0.0167199745013508
0.0432272711592565	-0.0162320219154317
0.0390684241341579	-0.0157477767917087
0.0351117569757315	-0.0152640099313339
0.0313590052910214	-0.0147767945564713
0.0278118149599592	-0.0142792538021952
0.0244717418145128	-0.0137634231642447
0.0213402512344603	-0.0132217397858793
0.0184187165589415	-0.0126458399155393
0.0157084194371383	-0.0120224357049564
0.0132105485174750	-0.0113327600416540
0.0109261996171617	-0.0105655556240580
0.0088563746189342	-0.0097178720978586
0.0070019814750879	-0.0087933988479366
0.0053638335950600	-0.0078045491435630
0.0039426494183212	-0.0067653672945496
0.0027390523375008	-0.0056878149683448
0.0017535704039275	-0.0045815318284731
0.0009866357396567	-0.0034551801566194
0.0004385849538888	-0.0023143310757633
0.0001096583108959	-0.0011674920284576
0.0000000000000000	0.0000000000000000
0.0001096581962458	0.0012510307271442
0.0004385849101827	0.0026053227313355
0.0009866358346874	0.0040537343136633
0.0017535703001692	0.0055805000013991
0.0027390523271805	0.0071594520124572
0.0039426493536509	0.0087657542242555
0.0053638335971272	0.0103796151640134
0.0070019815237570	0.0119864688649264
0.0088563747342755	0.0135783969928478
0.0109261997157838	0.0151560530456411
0.0132105484751951	0.0167276811688623
0.0157084194234481	0.0183010388597373
0.0184187166023663	0.0198786693311346
0.0213402512343785	0.0214568156897118
0.0244717418362797	0.0230280527788462
0.0278118149622284	0.0245826795135646
0.0313590052569880	0.0261118276412952
0.0351117570624558	0.0276078881304185
0.0390684242075515	0.0290739460087914
0.0432272711333528	0.0305175275774875
0.0475864736840977	0.0319393880897933
0.0521441199612356	0.0333316386339815
0.0568982103349154	0.0346859442626654
0.0618466600756503	0.0359915809229730
0.0669872980695875	0.0372370503179546
0.0723178698404498	0.0384127003858727
0.0778360371597547	0.0395178249183280
0.0835393796988570	0.0405565976744225
0.0894253954236587	0.0415332544745250
0.0954915027823543	0.0424510852148422
0.1017350409803822	0.0433116496411140
0.1081532713244394	0.0441165022941887
0.1147433786928145	0.0448673596230842
0.1215024721443710	0.0455658411554246
0.1284275872961056	0.0462131024741981
0.1355156862588648	0.0468103649028300
0.1427636601264738	0.0473589828051184
0.1501683297631777	0.0478604034811849
0.1577264469791309	0.0483168023709817
0.1654346968998865	0.0487325043785134
0.1732896979356192	0.0491112272433119
0.1812880051389010	0.0494556375563122
0.1894261098644708	0.0497675895569243
0.1977004425972176	0.0500482647868905
0.2061073738056441	0.0502983176401810
0.2146432162441375	0.0505187460437026
0.2233042253088996	0.0507112606613499
0.2320866024425786	0.0508781184041193
0.2409864953617835	0.0510221135349738
0.2499999999991254	0.0511465570532795
0.2591231628592421	0.0512544701339210
0.2683519824819904	0.0513460876820345
0.2776824104424564	0.0514209311777062
0.2871103541560073	0.0514785518395942
0.2966316785223854	0.0515185310782789
0.3062422068573807	0.0515404632825874
0.3159377236839192	0.0515437533569766
0.3257139764233857	0.0515276782598092
0.3355666766058862	0.0514915291105612
0.3454915028453223	0.0514346156318687
0.3554841015802741	0.0513562192556592
0.3655400897234204	0.0512547385498970
0.3756550563755370	0.0511277624715308
0.3858245649255335	0.0509728217633229
0.3960441545923137	0.0507874244304636
0.4063093426700533	0.0505693206021421
0.4166156265461955	0.0503198752118619
0.4269584857381515	0.0500432251152989
0.4373333832764291	0.0497437095986427
0.4477357683096654	0.0494257903400320
0.4581610783454456	0.0490932373773195
0.4686047402913164	0.0487437042109632
0.4790621731916357	0.0483719439766315
0.4895287900597756	0.0479726857358441
0.5000000000559428	0.0475406730125680
0.5104712098866686	0.0470720464152915
0.5209378268000373	0.0465684095783394
0.5313952597502781	0.0460327619740332
0.5418389216463094	0.0454681437415035
0.5522642316846536	0.0448776130130564
0.5626666167554570	0.0442623519264189
0.5730415143095567	0.0436196625926139
0.5833843733438013	0.0429465865584735
0.5936906572814872	0.0422404611590659
0.6039558453101279	0.0414990229360469
0.6141754351085463	0.0407231826913497
0.6243449436529690	0.0399173490274209
0.6344599103130569	0.0390853318440212
0.6445158984334815	0.0382302143412154
0.6545084971631587	0.0373544124807040
0.6644333234270455	0.0364585193474244
0.6742860236620232	0.0355420996693563
0.6840622763493764	0.0346057047698860
0.6937577931932357	0.0336510792037518
0.7033683215087198	0.0326819634847469
0.7128896457412711	0.0317036094396846
0.7223175896470724	0.0307210251115935
0.7316480175383328	0.0297388919695637
0.7408768370395537	0.0287609200697181
0.7499999999703737	0.0277890332999375
0.7590135046532577	0.0268248483976567
0.7679133974607136	0.0258699079299260
0.7766957745418649	0.0249253619159552
0.7853567837582630	0.0239896871579173
0.7938926261089431	0.0230601390255211
0.8022995574034977	0.0221340142671282
0.8105738901488594	0.0212085361752515
0.8187119947846898	0.0202821195233371
0.8267103019024499	0.0193574195923129
0.8345653032522149	0.0184381290690159
0.8422735530423032	0.0175280226108378
0.8498316702793926	0.0166307191152937
0.8572363398373849	0.0157489284512700
0.8644843136953436	0.0148846295525101
0.8715724126969093	0.0140396068979150
0.8784975279104571	0.0132155212265822
0.8852566214379648	0.0124137687404712
0.8918467287223725	0.0116342715133515
0.8982649591030164	0.0108763096288855
0.9045084971711137	0.0101391968922231
0.9105746045907609	0.0094222893829984
0.9164606202823021	0.0087258661521151
0.9221639627532282	0.0080528045989747
0.9276821300276564	0.0074062954622871
0.9330127018826415	0.0067893290775000
0.9381533400152990	0.0062046802586090
0.9431017896516121	0.0056547707463044
0.9478558801336441	0.0051417752898329
0.9524135261711910	0.0046677813058803
0.9567727287237631	0.0042347555805001
0.9609315758060754	0.0038424007810777
0.9648882428890429	0.0034877014000296
0.9686409946999317	0.0031675771678163
0.9721881851927442	0.0028791115758075
0.9755282580587514	0.0026200348332386
0.9786597487583976	0.0023882070638687
0.9815812834305542	0.0021812581456718
0.9842915806007133	0.0019974511831244
0.9867894514295490	0.0018359981471989
0.9890738003497419	0.0016963135240098
0.9911436252880134	0.0015779185691024
0.9929980185548053	0.0014801951685010
0.9946361664299669	0.0014018230306578
0.9960573506532763	0.0013406420804288
0.9972609476559097	0.0012932623111150
0.9982464295353936	0.0012567158058208
0.9990133641479253	0.0012292139929921
0.9995614150804909	0.0012098585431935
0.9998903416527902	0.0011982997475663
1.0000000000000000	0.0011944497014193
