1.0000000000   -0.0008000352
0.9998903416   -0.0008084477
0.9995614150   -0.0008336814
0.9990133641   -0.0008757254
0.9982464296   -0.0009345618
0.9972609477   -0.0010101663
0.9960573506   -0.0011025083
0.9946361665   -0.0012115527
0.9929980186   -0.0013372600
0.9911436255   -0.0014795878
0.9890738003   -0.0016384922
0.9867894515   -0.0018139291
0.9842915806   -0.0020058559
0.9815812833   -0.0022142333
0.9786597487   -0.0024390268
0.9755282582   -0.0026802092
0.9721881851   -0.0029377624
0.9686409948   -0.0032116794
0.9648882430   -0.0035019667
0.9609315758   -0.0038086466
0.9567727289   -0.0041317596
0.9524135263   -0.0044713663
0.9478558801   -0.0048275505
0.9431017896   -0.0052004207
0.9381533400   -0.0055901132
0.9330127018   -0.0059967938
0.9276821301   -0.0064206605
0.9221639627   -0.0068619454
0.9164606203   -0.0073209170
0.9105746047   -0.0077978818
0.9045084972   -0.0082931868
0.8982649589   -0.0088072184
0.8918467286   -0.0093401808
0.8852566214   -0.0098918600
0.8784975279   -0.0104619353
0.8715724127   -0.0110500149
0.8644843137   -0.0116556341
0.8572363398   -0.0122782521
0.8498316702   -0.0129172502
0.8422735530   -0.0135719294
0.8345653033   -0.0142415088
0.8267103019   -0.0149251243
0.8187119949   -0.0156218270
0.8105738902   -0.0163305828
0.8022995574   -0.0170502719
0.7938926262   -0.0177797536
0.7853567839   -0.0185184216
0.7766957746   -0.0192659855
0.7679133975   -0.0200221699
0.7590135047   -0.0207867123
0.7500000000   -0.0215593619
0.7408768370   -0.0223398795
0.7316480175   -0.0231280361
0.7223175896   -0.0239236125
0.7128896457   -0.0247263971
0.7033683215   -0.0255361853
0.6937577932   -0.0263527322
0.6840622763   -0.0271750531
0.6742860236   -0.0280015095
0.6644333234   -0.0288303301
0.6545084972   -0.0296595632
0.6445158985   -0.0304869909
0.6344599104   -0.0313100071
0.6243449435   -0.0321254330
0.6141754350   -0.0329292205
0.6039558454   -0.0337159389
0.5936906573   -0.0344781338
0.5833843734   -0.0352082803
0.5730415143   -0.0358997480
0.5626666168   -0.0365472123
0.5522642316   -0.0371482164
0.5418389216   -0.0377039798
0.5313952598   -0.0382152775
0.5209378268   -0.0386814284
0.5104712099   -0.0391017647
0.5000000000   -0.0394756556
0.4895287900   -0.0398022596
0.4790621731   -0.0400797513
0.4686047403   -0.0403060311
0.4581610783   -0.0404789655
0.4477357684   -0.0405963881
0.4373333832   -0.0406570468
0.4269584856   -0.0406617173
0.4166156267   -0.0406115164
0.4063093427   -0.0405076505
0.3960441545   -0.0403513748
0.3858245649   -0.0401425052
0.3756550564   -0.0398789494
0.3655400898   -0.0395586530
0.3554841015   -0.0391797548
0.3454915028   -0.0387408782
0.3355666767   -0.0382488863
0.3257139763   -0.0377194809
0.3159377236   -0.0371682856
0.3062422069   -0.0366102956
0.2966316784   -0.0360596419
0.2871103542   -0.0355202913
0.2776824104   -0.0349823057
0.2683519824   -0.0344352558
0.2591231630   -0.0338693889
0.2500000001   -0.0332756518
0.2409864953   -0.0326481232
0.2320866025   -0.0319908064
0.2233042254   -0.0313098871
0.2146432162   -0.0306112734
0.2061073739   -0.0299005623
0.1977004426   -0.0291830076
0.1894261098   -0.0284630378
0.1812880051   -0.0277439263
0.1732896980   -0.0270286127
0.1654346969   -0.0263198011
0.1577264470   -0.0256199642
0.1501683297   -0.0249313486
0.1427636602   -0.0242556494
0.1355156863   -0.0235926567
0.1284275873   -0.0229415929
0.1215024722   -0.0223016690
0.1147433786   -0.0216720076
0.1081532713   -0.0210515433
0.1017350409   -0.0204388756
0.0954915029   -0.0198325394
0.0894253955   -0.0192332023
0.0835393797   -0.0186428123
0.0778360372   -0.0180639407
0.0723178699   -0.0174994870
0.0669872982   -0.0169498259
0.0618466601   -0.0164120565
0.0568982104   -0.0158837433
0.0521441199   -0.0153631938
0.0475864738   -0.0148494244
0.0432272712   -0.0143419668
0.0390684242   -0.0138403782
0.0351117570   -0.0133440537
0.0313590053   -0.0128521448
0.0278118150   -0.0123634353
0.0244717419   -0.0118761289
0.0213402511   -0.0113872170
0.0184187166   -0.0108925239
0.0157084194   -0.0103873377
0.0132105486   -0.0098661323
0.0109261996   -0.0093202207
0.0088563746   -0.0087311600
0.0070019814   -0.0080795030
0.0053638335   -0.0073480322
0.0039426493   -0.0065227869
0.0027390523   -0.0056024415
0.0017535705   -0.0045919979
0.0009866358   -0.0035077981
0.0004385849   -0.0023719068
0.0001096583   -0.0012013337
0.0000000000   0.0000000000
0.0001096582   0.0012907529
0.0004385849   0.0026777946
0.0009866358   0.0041459514
0.0017535704   0.0056741847
0.0027390523   0.0072314320
0.0039426493   0.0087894252
0.0053638335   0.0103325102
0.0070019816   0.0118498693
0.0088563747   0.0133480026
0.0109261996   0.0148365520
0.0132105486   0.0163285691
0.0157084194   0.0178378929
0.0184187166   0.0193683118
0.0213402513   0.0209195702
0.0244717419   0.0224900029
0.0278118148   0.0240773009
0.0313590053   0.0256811316
0.0351117571   0.0273007673
0.0390684243   0.0289329805
0.0432272711   0.0305721944
0.0475864738   0.0322102782
0.0521441199   0.0338362408
0.0568982104   0.0354401651
0.0618466600   0.0370150004
0.0669872980   0.0385548738
0.0723178699   0.0400551708
0.0778360372   0.0415122238
0.0835393796   0.0429190887
0.0894253954   0.0442701490
0.0954915028   0.0455657742
0.1017350410   0.0468111711
0.1081532714   0.0480145812
0.1147433786   0.0491840212
0.1215024722   0.0503244877
0.1284275872   0.0514386584
0.1355156863   0.0525275203
0.1427636602   0.0535906719
0.1501683297   0.0546264200
0.1577264470   0.0556319897
0.1654346968   0.0566045750
0.1732896981   0.0575415409
0.1812880052   0.0584403777
0.1894261098   0.0592987083
0.1977004425   0.0601142949
0.2061073738   0.0608850229
0.2146432163   0.0616087339
0.2233042253   0.0622833688
0.2320866026   0.0629071067
0.2409864954   0.0634783807
0.2500000000   0.0639958910
0.2591231630   0.0644601465
0.2683519824   0.0648782522
0.2776824104   0.0652596016
0.2871103542   0.0656143601
0.2966316785   0.0659534413
0.3062422067   0.0662873724
0.3159377237   0.0666134840
0.3257139764   0.0669195739
0.3355666766   0.0671927132
0.3454915028   0.0674194585
0.3554841016   0.0675864136
0.3655400896   0.0676893869
0.3756550564   0.0677326899
0.3858245650   0.0677212195
0.3960441546   0.0676601562
0.4063093427   0.0675546330
0.4166156266   0.0674056628
0.4269584858   0.0672111462
0.4373333832   0.0669689569
0.4477357683   0.0666770245
0.4581610784   0.0663334482
0.4686047402   0.0659371840
0.4790621732   0.0654875201
0.4895287900   0.0649836646
0.5000000001   0.0644247371
0.5104712100   0.0638099372
0.5209378269   0.0631391026
0.5313952598   0.0624122592
0.5418389216   0.0616294580
0.5522642316   0.0607907326
0.5626666168   0.0598933279
0.5730415143   0.0589326104
0.5833843733   0.0579092698
0.5936906573   0.0568287119
0.6039558455   0.0556989690
0.6141754351   0.0545294502
0.6243449435   0.0533289288
0.6344599104   0.0521035996
0.6445158985   0.0508579182
0.6545084971   0.0495952079
0.6644333234   0.0483180055
0.6742860237   0.0470282673
0.6840622763   0.0457274942
0.6937577932   0.0444168071
0.7033683215   0.0430970169
0.7128896458   0.0417697127
0.7223175896   0.0404377106
0.7316480176   0.0391039273
0.7408768370   0.0377712792
0.7500000000   0.0364426579
0.7590135047   0.0351209052
0.7679133975   0.0338087895
0.7766957746   0.0325089840
0.7853567839   0.0312240458
0.7938926261   0.0299563986
0.8022995574   0.0287083138
0.8105738901   0.0274815861
0.8187119948   0.0262773016
0.8267103020   0.0250964107
0.8345653031   0.0239397955
0.8422735529   0.0228082714
0.8498316703   0.0217025867
0.8572363399   0.0206234246
0.8644843137   0.0195714038
0.8715724128   0.0185470799
0.8784975278   0.0175509476
0.8852566214   0.0165834416
0.8918467288   0.0156449392
0.8982649591   0.0147357625
0.9045084973   0.0138561455
0.9105746046   0.0130059633
0.9164606203   0.0121849375
0.9221639627   0.0113928293
0.9276821301   0.0106294387
0.9330127019   0.0098946027
0.9381533401   0.0091881934
0.9431017897   0.0085101153
0.9478558801   0.0078603029
0.9524135261   0.0072387185
0.9567727288   0.0066453493
0.9609315759   0.0060802052
0.9648882429   0.0055433161
0.9686409948   0.0050347290
0.9721881852   0.0045545060
0.9755282582   0.0041027212
0.9786597487   0.0036794586
0.9815812835   0.0032848095
0.9842915805   0.0029188703
0.9867894514   0.0025817400
0.9890738004   0.0022735182
0.9911436254   0.0019943032
0.9929980185   0.0017441899
0.9946361664   0.0015232680
0.9960573508   0.0013316206
0.9972609476   0.0011693230
0.9982464296   0.0010364405
0.9990133642   0.0009330285
0.9995614151   0.0008591309
0.9998903418   0.0008147794
1.0000000000   0.0007999934
