TITLE = "BOEING 707 .54 SPAN AIRFOIL (DM_Smoothed)"
VARIABLES = "x", "z"
ZONE T="Aerofoil", I=301, F=POINT
1.0000000000000000	-0.0000000000034573
0.9998903417349104	-0.0000058610584497
0.9995614150547673	-0.0000234416683471
0.9990133642598729	-0.0000527341730539
0.9982464295993290	-0.0000937259490726
0.9972609476766885	-0.0001463995697577
0.9960573505895900	-0.0002107331092545
0.9946361664530513	-0.0002867004434515
0.9929980185442255	-0.0003742716935576
0.9911436254578012	-0.0004734136821377
0.9890738004169859	-0.0005840904978857
0.9867894513630636	-0.0007062640790821
0.9842915805441128	-0.0008398948804437
0.9815812833408728	-0.0009849426333680
0.9786597488316758	-0.0011413670613059
0.9755282582152571	-0.0013091287531808
0.9721881851942046	-0.0014881899702270
0.9686409947634485	-0.0016785155712425
0.9648882429419077	-0.0018800739147261
0.9609315758538757	-0.0020928378174379
0.9567727287871952	-0.0023167855298003
0.9524135262797390	-0.0025519016651883
0.9478558801085744	-0.0027981782450542
0.9431017895535253	-0.0030556156178879
0.9381533399334772	-0.0033242234610568
0.9330127019637112	-0.0036040217214411
0.9276821301286908	-0.0038950415860782
0.9221639627715784	-0.0041973263290861
0.9164606203296990	-0.0045109322225980
0.9105746045675446	-0.0048359293499079
0.9045084972667558	-0.0051724023984544
0.8982649589449093	-0.0055204500940697
0.8918467286471585	-0.0058800603502334
0.8852566214552032	-0.0062509796084791
0.8784975277616141	-0.0066328859898379
0.8715724126451054	-0.0070254094075268
0.8644843137143150	-0.0074281300110733
0.8572363398406234	-0.0078405767638882
0.8498316702360150	-0.0082622261960489
0.8422735529795165	-0.0086925013944363
0.8345653031704734	-0.0091307712304169
0.8267103019684908	-0.0095763497625579
0.8187119948347675	-0.0100284959187426
0.8105738902245593	-0.0104864133940791
0.8022995574830434	-0.0109492508414464
0.7938926261858365	-0.0114161741753535
0.7853567838222244	-0.0118869898573850
0.7766957746976342	-0.0123619032127511
0.7679133975123846	-0.0128411723842858
0.7590135047114439	-0.0133251042095539
0.7499999999928466	-0.0138140535695908
0.7408768370358071	-0.0143084224227787
0.7316480175377700	-0.0148086586293054
0.7223175895958442	-0.0153152545119434
0.7128896457724792	-0.0158287451921603
0.7033683216110575	-0.0163497066641091
0.6937577932042172	-0.0168786748024272
0.6840622764300635	-0.0174152427647088
0.6742860236057686	-0.0179583244169199
0.6644333233504505	-0.0185067702368096
0.6545084971113080	-0.0190593821713109
0.6445158984858325	-0.0196149169752788
0.6344599102708419	-0.0201720898976816
0.6243449434913941	-0.0207295784670184
0.6141754350425451	-0.0212860265508123
0.6039558453342292	-0.0218400485976058
0.5936906573026556	-0.0223901043685654
0.5833843733820228	-0.0229328327053288
0.5730415142829169	-0.0234634983830827
0.5626666168684470	-0.0239772656317092
0.5522642316121498	-0.0244692475320027
0.5418389216086225	-0.0249345265008079
0.5313952597035364	-0.0253681752137266
0.5209378268701441	-0.0257652777204743
0.5104712100038586	-0.0261209507461639
0.4999999999116468	-0.0264303650507916
0.4895287900512380	-0.0266898493520556
0.4790621731426803	-0.0268999977519714
0.4686047401742018	-0.0270625791941435
0.4581610783377281	-0.0271795389259673
0.4477357684336584	-0.0272529763623702
0.4373333832855744	-0.0272851216559991
0.4269584856416355	-0.0272783115054347
0.4166156265526423	-0.0272349646990553
0.4063093427627033	-0.0271575578780897
0.3960441545976335	-0.0270486063490458
0.3858245649416031	-0.0269108765916206
0.3756550564809195	-0.0267472331732680
0.3655400896015785	-0.0265600844340919
0.3554841015753548	-0.0263514243283186
0.3454915027756585	-0.0261228966511462
0.3355666766208635	-0.0258758346061246
0.3257139763203428	-0.0256112780341710
0.3159377236235429	-0.0253299665790031
0.3062422067110888	-0.0250323007071439
0.2966316785377259	-0.0247181948285621
0.2871103542770818	-0.0243859447049670
0.2776824104064619	-0.0240327440477954
0.2683519823433778	-0.0236562657711364
0.2591231628934225	-0.0232552494625869
0.2499999999400061	-0.0228299866645412
0.2409864952513691	-0.0223829992686161
0.2320866024582688	-0.0219203428314757
0.2233042253643936	-0.0214486745340771
0.2146432161534945	-0.0209741920505530
0.2061073739399460	-0.0205025781384545
0.1977004425762984	-0.0200389408559754
0.1894261098746236	-0.0195857674114708
0.1812880051403799	-0.0191415578082604
0.1732896980956841	-0.0187046126325662
0.1654346967846114	-0.0182734499740828
0.1577264469366585	-0.0178467834642423
0.1501683296595308	-0.0174235044035445
0.1427636602688839	-0.0170030835756185
0.1355156862727816	-0.0165872137241493
0.1284275872541032	-0.0161780928345322
0.1215024721133030	-0.0157777560783072
0.1147433785226861	-0.0153881855365206
0.1081532712889133	-0.0150114273765514
0.1017350409980524	-0.0146497427874146
0.0954915027520993	-0.0143052674467533
0.0894253954530266	-0.0139779780907322
0.0835393797363387	-0.0136668482141924
0.0778360371495583	-0.0133704534996707
0.0723178699906008	-0.0130871598229309
0.0669872980605136	-0.0128168249800260
0.0618466600607299	-0.0125611007360574
0.0568982103115513	-0.0123214052280530
0.0521441198899947	-0.0120987892838877
0.0475864737846058	-0.0118938943372624
0.0432272712598402	-0.0117045078724189
0.0390684242038328	-0.0115252723778831
0.0351117569774295	-0.0113515120254978
0.0313590052134477	-0.0111792022837372
0.0278118149631294	-0.0110046898108401
0.0244717419312170	-0.0108242696425986
0.0213402511908570	-0.0106271150467577
0.0184187166260990	-0.0103933910233212
0.0157084195345517	-0.0101036564013423
0.0132105485126533	-0.0097397786115377
0.0109261996955838	-0.0092847941846454
0.0088563745939487	-0.0087219016069212
0.0070019814951994	-0.0080397108500062
0.0053638335656446	-0.0072371685437022
0.0039426493350885	-0.0063268970612941
0.0027390522732325	-0.0053305363002335
0.0017535703989184	-0.0042786025786636
0.0009866358409438	-0.0032000386052041
0.0004385849293745	-0.0021167148384759
0.0001096582434502	-0.0010455543808097
0.0000000000000000	0.0000000000000000
0.0001096581774764	0.0010468213798806
0.0004385849522387	0.0021255516064509
0.0009866357478445	0.0032344521501429
0.0017535703640757	0.0043714228171570
0.0027390522939826	0.0055338589081401
0.0039426493009406	0.0067170178044742
0.0053638335202407	0.0079101745370026
0.0070019814727435	0.0091094778417443
0.0088563745861696	0.0103169580410847
0.0109261997163465	0.0115380888528263
0.0132105486175000	0.0127858666654837
0.0157084195071146	0.0140712921580661
0.0184187165856277	0.0153911236200776
0.0213402511937940	0.0167404894311354
0.0244717419051188	0.0181149413148646
0.0278118149077708	0.0195107000455349
0.0313590052133404	0.0209288109777860
0.0351117570027155	0.0223728756724540
0.0390684242197158	0.0238455555959171
0.0432272711224819	0.0253488734906074
0.0475864736808480	0.0268844766280326
0.0521441199535610	0.0284531210499794
0.0568982104197073	0.0300467901612634
0.0618466599653076	0.0316505393716662
0.0669872980889154	0.0332475367693496
0.0723178700101649	0.0348192588794075
0.0778360371980776	0.0363459810799449
0.0835393795687810	0.0378125764250409
0.0894253954766096	0.0392119797999943
0.0954915028414620	0.0405433460421220
0.1017350409275965	0.0418109407821814
0.1081532714053838	0.0430227178533419
0.1147433785755140	0.0441874108385516
0.1215024722311371	0.0453107288414575
0.1284275872830056	0.0463958597607427
0.1355156862993488	0.0474441322530181
0.1427636602586364	0.0484553488674025
0.1501683297800619	0.0494279086158603
0.1577264470557215	0.0503597952309719
0.1654346968246416	0.0512510890895466
0.1732896979193488	0.0521026152033163
0.1812880050752783	0.0529155673007681
0.1894261099043647	0.0536915288661242
0.1977004425564030	0.0544325008519191
0.2061073738294980	0.0551406976995678
0.2146432160861580	0.0558168002976580
0.2233042252796963	0.0564609468279899
0.2320866024962921	0.0570737370756387
0.2409864953380602	0.0576562520676752
0.2500000000436227	0.0582100547012709
0.2591231629408770	0.0587351449981329
0.2683519823563901	0.0592268297729890
0.2776824104735468	0.0596817520412428
0.2871103542920894	0.0600991192087196
0.2966316784645884	0.0604802541815622
0.3062422067076074	0.0608278521039176
0.3159377236788310	0.0611444652135128
0.3257139763624621	0.0614312552369236
0.3355666767038747	0.0616884422841551
0.3454915027888218	0.0619155611173443
0.3554841014956113	0.0621115800637503
0.3655400896698318	0.0622749489714370
0.3756550564544776	0.0624035983149639
0.3858245649457562	0.0624948974859839
0.3960441545329310	0.0625455716561875
0.4063093426918606	0.0625517328445403
0.4166156265852313	0.0625104137503604
0.4269584857648905	0.0624194936550886
0.4373333831385503	0.0622769838606661
0.4477357683329590	0.0620810390695011
0.4581610783892363	0.0618299782268886
0.4686047402059492	0.0615223043807887
0.4790621730489607	0.0611567231128926
0.4895287899627474	0.0607321591579482
0.4999999999409011	0.0602477707670241
0.5104712100279027	0.0597034350366788
0.5209378267777634	0.0591010716597543
0.5313952598487274	0.0584431597550694
0.5418389216669992	0.0577322695584300
0.5522642315607462	0.0569710523432038
0.5626666167284173	0.0561622304268934
0.5730415143298859	0.0553085870497621
0.5833843734537979	0.0544129562392287
0.5936906572337656	0.0534782126791231
0.6039558454014893	0.0525072557307205
0.6141754351044543	0.0515027804212124
0.6243449435861936	0.0504672080880252
0.6344599102610142	0.0494029559478947
0.6445158984737288	0.0483124498501574
0.6545084971805818	0.0471981175845675
0.6644333233595865	0.0460623822696881
0.6742860235773628	0.0449076560132780
0.6840622763978448	0.0437363336758210
0.6937577932001560	0.0425507870400962
0.7033683215911134	0.0413533609241833
0.7128896458175734	0.0401464621725537
0.7223175895311657	0.0389325885670929
0.7316480174895035	0.0377141908014826
0.7408768369936908	0.0364936561035484
0.7500000000094795	0.0352733029477341
0.7590135047107911	0.0340553762684017
0.7679133975808284	0.0328420430355136
0.7766957746378602	0.0316353883948046
0.7853567838219357	0.0304374121031059
0.7938926261731039	0.0292500255866170
0.8022995573686504	0.0280750475365167
0.8105738902219662	0.0269140435315966
0.8187119949678688	0.0257682245930453
0.8267103020640669	0.0246387218145593
0.8345653031490190	0.0235266159654282
0.8422735529865231	0.0224329369464520
0.8498316702516180	0.0213586636183822
0.8572363398488457	0.0203047236163677
0.8644843136726748	0.0192719935828149
0.8715724127853978	0.0182612993892363
0.8784975278139325	0.0172734167948169
0.8852566213120005	0.0163090719995646
0.8918467287236187	0.0153689425625855
0.8982649590083712	0.0144536585247861
0.9045084972791692	0.0135637882296589
0.9105746046249252	0.0126997231048168
0.9164606202612596	0.0118617669253046
0.9221639628033734	0.0110502174242455
0.9276821300146592	0.0102653669059458
0.9330127018314703	0.0095075015943596
0.9381533401149337	0.0087769014319254
0.9431017895948556	0.0080738396952780
0.9478558800983680	0.0073985824171699
0.9524135262169534	0.0067513881630794
0.9567727288344688	0.0061325075361125
0.9609315757855121	0.0055421828002640
0.9648882429947512	0.0049806474322400
0.9686409947798779	0.0044481257908721
0.9721881850325617	0.0039448326627860
0.9755282581211440	0.0034709728504310
0.9786597487476940	0.0030267409131998
0.9815812834664598	0.0026123206794519
0.9842915805894033	0.0022278849957747
0.9867894514119810	0.0018735952990927
0.9890738004332635	0.0015496013432096
0.9911436253687871	0.0012560409680648
0.9929980186076711	0.0009930396789381
0.9946361664845215	0.0007607105517241
0.9960573507260434	0.0005591538471580
0.9972609477295537	0.0003884569510488
0.9982464295540598	0.0002486940911554
0.9990133641769382	0.0001399261786296
0.9995614150453337	0.0000622007706482
0.9998903417480457	0.0000155518959265
1.0000000000000000	-0.0000000000000000
