1.0000000000   -0.0004006266
0.9998903418   -0.0004104608
0.9995614151   -0.0004399591
0.9990133642   -0.0004891089
0.9982464296   -0.0005578894
0.9972609476   -0.0006462726
0.9960573507   -0.0007542241
0.9946361664   -0.0008817048
0.9929980185   -0.0010286717
0.9911436254   -0.0011950805
0.9890738005   -0.0013808869
0.9867894514   -0.0015860494
0.9842915806   -0.0018105315
0.9815812834   -0.0020543042
0.9786597488   -0.0023173492
0.9755282582   -0.0025996611
0.9721881852   -0.0029012511
0.9686409947   -0.0032221494
0.9648882429   -0.0035624082
0.9609315758   -0.0039221048
0.9567727289   -0.0043013443
0.9524135262   -0.0047002619
0.9478558801   -0.0051190252
0.9431017897   -0.0055578363
0.9381533400   -0.0060169332
0.9330127018   -0.0064965908
0.9276821300   -0.0069970843
0.9221639627   -0.0075184447
0.9164606203   -0.0080605372
0.9105746047   -0.0086231469
0.9045084972   -0.0092059789
0.8982649589   -0.0098086625
0.8918467286   -0.0104307587
0.8852566214   -0.0110717716
0.8784975279   -0.0117311609
0.8715724127   -0.0124083549
0.8644843137   -0.0131027633
0.8572363398   -0.0138137875
0.8498316703   -0.0145408301
0.8422735529   -0.0152833244
0.8345653032   -0.0160408607
0.8267103020   -0.0168130869
0.8187119948   -0.0175996493
0.8105738902   -0.0184001906
0.8022995575   -0.0192143504
0.7938926261   -0.0200417643
0.7853567838   -0.0208820637
0.7766957746   -0.0217348763
0.7679133975   -0.0225998255
0.7590135047   -0.0234765309
0.7500000000   -0.0243646084
0.7408768371   -0.0252636704
0.7316480176   -0.0261733260
0.7223175895   -0.0270931819
0.7128896458   -0.0280228422
0.7033683215   -0.0289619097
0.6937577932   -0.0299099870
0.6840622763   -0.0308666648
0.6742860237   -0.0318313707
0.6644333233   -0.0328033704
0.6545084972   -0.0337818367
0.6445158985   -0.0347658265
0.6344599103   -0.0357542498
0.6243449436   -0.0367458267
0.6141754351   -0.0377390293
0.6039558453   -0.0387320007
0.5936906573   -0.0397224342
0.5833843734   -0.0407070937
0.5730415143   -0.0416815619
0.5626666168   -0.0426408489
0.5522642316   -0.0435799400
0.5418389217   -0.0444946689
0.5313952597   -0.0453832287
0.5209378269   -0.0462458060
0.5104712099   -0.0470838573
0.4999999999   -0.0478995315
0.4895287900   -0.0486920071
0.4790621731   -0.0494578216
0.4686047402   -0.0501932075
0.4581610783   -0.0508939820
0.4477357684   -0.0515554097
0.4373333832   -0.0521742915
0.4269584857   -0.0527500498
0.4166156267   -0.0532823756
0.4063093428   -0.0537710578
0.3960441547   -0.0542159897
0.3858245649   -0.0546179512
0.3756550564   -0.0549790493
0.3655400898   -0.0553007882
0.3554841016   -0.0555838283
0.3454915027   -0.0558278994
0.3355666766   -0.0560309081
0.3257139763   -0.0561897761
0.3159377237   -0.0563053758
0.3062422067   -0.0563827387
0.2966316784   -0.0564278775
0.2871103542   -0.0564434189
0.2776824104   -0.0564299436
0.2683519824   -0.0563866677
0.2591231629   -0.0563114804
0.2500000000   -0.0562006683
0.2409864953   -0.0560476075
0.2320866025   -0.0558435799
0.2233042253   -0.0555820491
0.2146432162   -0.0552600251
0.2061073738   -0.0548783412
0.1977004426   -0.0544402092
0.1894261098   -0.0539478289
0.1812880051   -0.0534026443
0.1732896980   -0.0528056825
0.1654346968   -0.0521576437
0.1577264470   -0.0514589596
0.1501683298   -0.0507098370
0.1427636602   -0.0499121446
0.1355156862   -0.0490716276
0.1284275873   -0.0481931329
0.1215024723   -0.0472799888
0.1147433785   -0.0463340690
0.1081532714   -0.0453556731
0.1017350409   -0.0443431522
0.0954915028   -0.0432921369
0.0894253955   -0.0421963438
0.0835393797   -0.0410514973
0.0778360372   -0.0398573247
0.0723178700   -0.0386191502
0.0669872981   -0.0373462499
0.0618466600   -0.0360437207
0.0568982104   -0.0347172003
0.0521441199   -0.0333745002
0.0475864738   -0.0320249375
0.0432272712   -0.0306781136
0.0390684242   -0.0293412959
0.0351117571   -0.0280190384
0.0313590053   -0.0267137033
0.0278118150   -0.0254255101
0.0244717418   -0.0241520465
0.0213402511   -0.0228873035
0.0184187166   -0.0216226922
0.0157084193   -0.0203484151
0.0132105486   -0.0190533761
0.0109261996   -0.0177217730
0.0088563747   -0.0163331919
0.0070019814   -0.0148695092
0.0053638334   -0.0133113113
0.0039426493   -0.0116456620
0.0027390522   -0.0098740405
0.0017535704   -0.0080030876
0.0009866357   -0.0060549724
0.0004385849   -0.0040584170
0.0001096583   -0.0020363069
0.0000000000   0.0000000000
0.0001096582   0.0021383597
0.0004385849   0.0044000180
0.0009866357   0.0067589020
0.0017535704   0.0091790605
0.0027390523   0.0116058568
0.0039426494   0.0139847377
0.0053638336   0.0162900402
0.0070019814   0.0185065427
0.0088563747   0.0206480733
0.0109261996   0.0227253733
0.0132105486   0.0247539134
0.0157084194   0.0267513620
0.0184187166   0.0287271339
0.0213402512   0.0306869145
0.0244717418   0.0326347521
0.0278118149   0.0345757353
0.0313590052   0.0365173138
0.0351117571   0.0384612104
0.0390684243   0.0404038031
0.0432272712   0.0423367161
0.0475864737   0.0442462532
0.0521441198   0.0461116187
0.0568982104   0.0479077171
0.0618466600   0.0496160249
0.0669872981   0.0512246713
0.0723178700   0.0527297461
0.0778360373   0.0541342144
0.0835393796   0.0554392346
0.0894253955   0.0566499823
0.0954915029   0.0577772515
0.1017350410   0.0588349403
0.1081532713   0.0598358143
0.1147433786   0.0607864792
0.1215024722   0.0616900673
0.1284275874   0.0625475628
0.1355156862   0.0633582861
0.1427636602   0.0641201218
0.1501683298   0.0648295784
0.1577264471   0.0654829646
0.1654346969   0.0660811892
0.1732896980   0.0666262821
0.1812880051   0.0671198572
0.1894261099   0.0675631496
0.1977004426   0.0679570304
0.2061073738   0.0683019934
0.2146432162   0.0685976151
0.2233042254   0.0688415844
0.2320866025   0.0690330329
0.2409864953   0.0691738754
0.2500000000   0.0692689573
0.2591231629   0.0693236238
0.2683519824   0.0693375568
0.2776824104   0.0693097757
0.2871103542   0.0692401498
0.2966316784   0.0691292938
0.3062422069   0.0689785245
0.3159377236   0.0687895362
0.3257139764   0.0685629202
0.3355666767   0.0682979528
0.3454915027   0.0679925650
0.3554841015   0.0676430788
0.3655400897   0.0672439594
0.3756550565   0.0667911700
0.3858245649   0.0662833878
0.3960441546   0.0657210611
0.4063093427   0.0651066619
0.4166156267   0.0644441247
0.4269584857   0.0637360777
0.4373333832   0.0629852217
0.4477357683   0.0621950012
0.4581610783   0.0613693942
0.4686047402   0.0605120353
0.4790621731   0.0596249472
0.4895287900   0.0587089320
0.5000000000   0.0577636736
0.5104712099   0.0567875763
0.5209378269   0.0557792086
0.5313952597   0.0547413122
0.5418389216   0.0536791505
0.5522642316   0.0525997282
0.5626666168   0.0515088122
0.5730415142   0.0504054975
0.5833843733   0.0492889396
0.5936906572   0.0481598151
0.6039558454   0.0470198120
0.6141754351   0.0458720804
0.6243449437   0.0447207879
0.6344599103   0.0435691684
0.6445158986   0.0424197410
0.6545084972   0.0412745555
0.6644333234   0.0401353389
0.6742860237   0.0390035875
0.6840622764   0.0378806270
0.6937577933   0.0367676536
0.7033683215   0.0356657601
0.7128896459   0.0345757890
0.7223175897   0.0334982782
0.7316480176   0.0324337443
0.7408768371   0.0313827079
0.7500000000   0.0303456948
0.7590135048   0.0293232361
0.7679133975   0.0283158702
0.7766957745   0.0273241439
0.7853567838   0.0263486156
0.7938926262   0.0253898581
0.8022995574   0.0244484643
0.8105738901   0.0235250529
0.8187119948   0.0226202783
0.8267103020   0.0217348370
0.8345653031   0.0208687122
0.8422735529   0.0200203106
0.8498316704   0.0191877177
0.8572363397   0.0183689704
0.8644843137   0.0175621878
0.8715724128   0.0167657076
0.8784975278   0.0159782082
0.8852566214   0.0151987982
0.8918467286   0.0144270610
0.8982649589   0.0136630526
0.9045084972   0.0129072629
0.9105746045   0.0121610364
0.9164606203   0.0114268017
0.9221639628   0.0107068050
0.9276821301   0.0100029960
0.9330127019   0.0093170766
0.9381533400   0.0086505398
0.9431017896   0.0080046989
0.9478558802   0.0073807128
0.9524135262   0.0067796052
0.9567727288   0.0062022818
0.9609315759   0.0056495433
0.9648882430   0.0051220979
0.9686409948   0.0046205708
0.9721881852   0.0041455130
0.9755282582   0.0036974093
0.9786597487   0.0032766847
0.9815812833   0.0028837104
0.9842915806   0.0025188097
0.9867894514   0.0021822627
0.9890738004   0.0018743105
0.9911436253   0.0015951597
0.9929980185   0.0013449860
0.9946361666   0.0011239374
0.9960573507   0.0009321374
0.9972609477   0.0007696874
0.9982464295   0.0006366692
0.9990133643   0.0005331471
0.9995614151   0.0004591695
0.9998903417   0.0004147697
1.0000000000   0.0003999676
